# Blender v2.77 (sub 0) OBJ File: 'room1.blend'
# www.blender.org
v 0.356051 0.068553 0.510214
v 0.367051 0.102314 0.534613
v 0.265975 0.127800 0.468842
v 0.276975 0.161561 0.493241
v 0.422025 0.109002 0.424500
v 0.433025 0.142764 0.448899
v 0.331949 0.168249 0.383128
v 0.342949 0.202011 0.407527
v 0.327227 0.165553 0.455930
v 0.331573 0.178893 0.465570
v 0.364076 0.164825 0.440324
v 0.368422 0.178165 0.449965
v 0.386701 0.140964 0.463142
v 0.391047 0.154304 0.472782
v 0.363835 0.126944 0.492849
v 0.368182 0.140284 0.502490
v 0.327078 0.142142 0.488392
v 0.331424 0.155481 0.498032
v 0.406506 -0.007327 0.582123
v 0.416928 0.032558 0.594642
v 0.322972 -0.010507 0.661794
v 0.333394 0.029378 0.674313
v 0.331825 0.036220 0.505559
v 0.342247 0.076104 0.518078
v 0.248291 0.033039 0.585230
v 0.258713 0.072924 0.597749
v 0.311966 0.047041 0.618080
v 0.316084 0.062800 0.623027
v 0.308043 0.059899 0.580381
v 0.312161 0.075658 0.585328
v 0.343577 0.056283 0.562320
v 0.347694 0.072043 0.567267
v 0.369460 0.041191 0.588856
v 0.373578 0.056950 0.593803
v 0.349924 0.035479 0.623317
v 0.354041 0.051238 0.628264
v 0.294577 0.027185 0.234571
v 0.292228 0.069297 0.225782
v 0.202648 0.008029 0.167358
v 0.200298 0.050141 0.158570
v 0.364182 0.012098 0.143669
v 0.361833 0.054210 0.134881
v 0.272253 -0.007058 0.076457
v 0.269903 0.035053 0.067668
v 0.254352 0.041479 0.127968
v 0.253423 0.058118 0.124495
v 0.292596 0.041151 0.116172
v 0.291668 0.057790 0.112699
v 0.315444 0.049081 0.148062
v 0.314515 0.065720 0.144590
v 0.291320 0.054310 0.179568
v 0.290391 0.070949 0.176095
v 0.253563 0.049612 0.167149
v 0.252634 0.066251 0.163676
v 0.114644 0.033424 0.243141
v 0.090722 0.064912 0.226042
v 0.093216 -0.032869 0.151045
v 0.069294 -0.001381 0.133946
v 0.208266 0.076055 0.190671
v 0.184344 0.107543 0.173571
v 0.186837 0.009762 0.098575
v 0.162916 0.041250 0.081476
v 0.123439 0.029830 0.128702
v 0.113987 0.042271 0.121945
v 0.154056 0.055288 0.132751
v 0.144604 0.067730 0.125995
v 0.151092 0.072574 0.168728
v 0.141640 0.085016 0.161971
v 0.118644 0.057799 0.186913
v 0.109192 0.070240 0.180157
v 0.101554 0.031381 0.162176
v 0.092101 0.043823 0.155420
v 0.125428 0.041304 0.318644
v 0.108650 0.080877 0.315707
v 0.104515 0.024108 0.206383
v 0.087737 0.063681 0.203447
v 0.229715 0.083597 0.292737
v 0.212937 0.123170 0.289801
v 0.208802 0.066401 0.180477
v 0.192024 0.105974 0.177540
v 0.146257 0.083641 0.213951
v 0.139628 0.099277 0.212791
v 0.179759 0.099003 0.229557
v 0.173129 0.114639 0.228397
v 0.175483 0.100141 0.269336
v 0.168854 0.115778 0.268175
v 0.139339 0.085483 0.278314
v 0.132709 0.101119 0.277154
v 0.121276 0.075285 0.244085
v 0.114647 0.090921 0.242925
vn -0.571300 -0.350300 0.742200
vn -0.780000 0.513100 -0.358300
vn 0.571300 0.350300 -0.742200
vn 0.780000 -0.513100 0.358300
vn 0.255300 0.783600 0.566300
vn -0.295200 0.621000 -0.726100
vn 0.784400 0.174600 -0.595200
vn -0.302300 -0.491700 0.816600
vn -0.966900 0.209200 0.146400
vn 0.646700 -0.377100 0.663000
vn -0.723400 -0.027500 0.689900
vn -0.646700 0.377100 -0.663000
vn 0.723400 0.027500 -0.689900
vn 0.241900 0.925800 0.290600
vn -0.965300 0.199400 0.168400
vn -0.391500 0.367100 -0.843800
vn 0.838600 -0.350100 0.417400
vn -0.205100 -0.243900 0.947900
vn -0.602700 0.130600 0.787200
vn -0.796100 -0.165900 -0.582000
vn 0.602700 -0.130600 -0.787200
vn 0.796100 0.165900 0.582000
vn -0.054500 0.977500 -0.204000
vn -0.289700 -0.211000 -0.933600
vn 0.819200 -0.073000 -0.568800
vn -0.327200 0.175500 0.928500
vn -0.998300 -0.057400 -0.008200
vn -0.810700 -0.369200 0.454400
vn -0.185600 -0.574100 -0.797500
vn 0.810700 0.369200 -0.454400
vn 0.185600 0.574100 0.797500
vn -0.555200 0.730900 -0.396900
vn 0.326400 -0.247400 -0.912300
vn 0.828400 0.528500 -0.185700
vn -0.713700 -0.173700 0.678600
vn -0.626600 -0.681400 -0.378100
vn -0.903100 -0.366200 0.224300
vn -0.181100 -0.148900 -0.972100
vn 0.903100 0.366200 -0.224300
vn 0.181100 0.148900 0.972100
vn -0.389400 0.918500 -0.068200
vn 0.384300 0.094800 -0.918300
vn 0.914800 0.394300 0.087000
vn -0.802900 -0.302300 0.513800
vn -0.677300 -0.335700 -0.654600
s off
f 2//1 4//1 3//1 1//1
f 4//2 8//2 7//2 3//2
f 8//3 6//3 5//3 7//3
f 6//4 2//4 1//4 5//4
f 6//5 8//5 4//5 2//5
f 9//6 10//6 12//6 11//6
f 11//7 12//7 14//7 13//7
f 13//4 14//4 16//4 15//4
f 15//8 16//8 18//8 17//8
f 17//9 18//9 10//9 9//9
f 18//5 14//5 12//5
f 12//5 10//5 18//5
f 18//5 16//5 14//5
f 20//10 22//10 21//10 19//10
f 22//11 26//11 25//11 21//11
f 26//12 24//12 23//12 25//12
f 24//13 20//13 19//13 23//13
f 24//14 26//14 22//14 20//14
f 27//15 28//15 30//15 29//15
f 29//16 30//16 32//16 31//16
f 31//13 32//13 34//13 33//13
f 33//17 34//17 36//17 35//17
f 35//18 36//18 28//18 27//18
f 36//14 32//14 30//14
f 30//14 28//14 36//14
f 36//14 34//14 32//14
f 38//19 40//19 39//19 37//19
f 40//20 44//20 43//20 39//20
f 44//21 42//21 41//21 43//21
f 42//22 38//22 37//22 41//22
f 42//23 44//23 40//23 38//23
f 45//24 46//24 48//24 47//24
f 47//25 48//25 50//25 49//25
f 49//22 50//22 52//22 51//22
f 51//26 52//26 54//26 53//26
f 53//27 54//27 46//27 45//27
f 54//23 50//23 48//23
f 48//23 46//23 54//23
f 54//23 52//23 50//23
f 56//28 58//28 57//28 55//28
f 58//29 62//29 61//29 57//29
f 62//30 60//30 59//30 61//30
f 60//31 56//31 55//31 59//31
f 60//32 62//32 58//32 56//32
f 63//33 64//33 66//33 65//33
f 65//34 66//34 68//34 67//34
f 67//31 68//31 70//31 69//31
f 69//35 70//35 72//35 71//35
f 71//36 72//36 64//36 63//36
f 72//32 68//32 66//32
f 66//32 64//32 72//32
f 72//32 70//32 68//32
f 74//37 76//37 75//37 73//37
f 76//38 80//38 79//38 75//38
f 80//39 78//39 77//39 79//39
f 78//40 74//40 73//40 77//40
f 78//41 80//41 76//41 74//41
f 81//42 82//42 84//42 83//42
f 83//43 84//43 86//43 85//43
f 85//40 86//40 88//40 87//40
f 87//44 88//44 90//44 89//44
f 89//45 90//45 82//45 81//45
f 90//41 86//41 84//41
f 84//41 82//41 90//41
f 90//41 88//41 86//41
