# Blender v2.77 (sub 0) OBJ File: 'room1.blend'
# www.blender.org
v 0.267188 0.052269 0.599346
v 0.250407 0.081744 0.625912
v 0.207733 0.097695 0.511386
v 0.190952 0.127171 0.537951
v 0.355378 0.123190 0.576363
v 0.338597 0.152666 0.602928
v 0.295923 0.168617 0.488403
v 0.279142 0.198093 0.514968
v 0.249353 0.149776 0.541373
v 0.242722 0.161422 0.551870
v 0.286193 0.160407 0.552848
v 0.279562 0.172054 0.563345
v 0.296345 0.137838 0.584303
v 0.289715 0.149484 0.594800
v 0.265780 0.113257 0.592269
v 0.259149 0.124904 0.602766
v 0.236737 0.120635 0.565737
v 0.230106 0.132282 0.576233
v 0.467921 0.017827 0.392341
v 0.498512 0.045045 0.405737
v 0.436078 -0.000281 0.501857
v 0.466669 0.026937 0.515252
v 0.393102 0.105491 0.385082
v 0.423694 0.132709 0.398477
v 0.361259 0.087383 0.494597
v 0.391851 0.114601 0.507993
v 0.432106 0.071277 0.487457
v 0.444193 0.082032 0.492749
v 0.417614 0.099547 0.463111
v 0.429702 0.110302 0.468404
v 0.436123 0.096127 0.427789
v 0.448211 0.106882 0.433082
v 0.462055 0.065744 0.430305
v 0.474142 0.076498 0.435598
v 0.459572 0.050386 0.467182
v 0.471659 0.061140 0.472475
v 0.372304 0.060556 0.405664
v 0.398122 0.094909 0.402586
v 0.283201 0.129734 0.430373
v 0.309018 0.164087 0.427295
v 0.347660 0.068998 0.293160
v 0.373477 0.103351 0.290083
v 0.258556 0.138175 0.317870
v 0.284374 0.172528 0.314792
v 0.311934 0.149942 0.366265
v 0.322135 0.163515 0.365049
v 0.323176 0.138216 0.329686
v 0.333377 0.151790 0.328470
v 0.355186 0.114509 0.333590
v 0.365387 0.128083 0.332374
v 0.363727 0.111583 0.372582
v 0.373928 0.125157 0.371366
v 0.336996 0.133482 0.392776
v 0.347197 0.147056 0.391560
v 0.449717 0.005091 0.366851
v 0.485731 0.028049 0.361184
v 0.389270 0.102792 0.378520
v 0.425283 0.125750 0.372853
v 0.430648 0.006894 0.252971
v 0.466662 0.029852 0.247304
v 0.370201 0.104594 0.264640
v 0.406214 0.127553 0.258973
v 0.423864 0.103775 0.314130
v 0.438093 0.112847 0.311891
v 0.430831 0.084377 0.279821
v 0.445061 0.093449 0.277582
v 0.452798 0.051980 0.288172
v 0.467028 0.061051 0.285933
v 0.459408 0.051355 0.327641
v 0.473637 0.060426 0.325402
v 0.441525 0.083366 0.343684
v 0.455755 0.092438 0.341445
v 0.371247 0.077080 0.282530
v 0.387629 0.115377 0.271527
v 0.302402 0.079903 0.189859
v 0.318784 0.118200 0.178855
v 0.452902 0.024257 0.220259
v 0.469285 0.062555 0.209256
v 0.384058 0.027081 0.127588
v 0.400440 0.065378 0.116584
v 0.371867 0.086582 0.168093
v 0.378340 0.101714 0.163745
v 0.408788 0.071196 0.169511
v 0.415261 0.086328 0.165163
v 0.422735 0.075923 0.206727
v 0.429208 0.091055 0.202379
v 0.394434 0.094230 0.228309
v 0.400907 0.109362 0.223962
v 0.362996 0.100818 0.204432
v 0.369469 0.115950 0.200084
v 0.003576 0.005875 0.316912
v -0.030136 0.027239 0.300689
v 0.039352 -0.018897 0.209944
v 0.005640 0.002468 0.193721
v 0.065949 0.103047 0.315269
v 0.032237 0.124412 0.299046
v 0.101725 0.078275 0.208302
v 0.068013 0.099640 0.192079
v 0.033539 0.053642 0.216876
v 0.020218 0.062084 0.210466
v 0.043740 0.085935 0.238207
v 0.030419 0.094377 0.231797
v 0.025267 0.083693 0.273642
v 0.011946 0.092135 0.267231
v 0.003649 0.050015 0.274211
v -0.009671 0.058456 0.267801
v 0.008762 0.031442 0.239128
v -0.004559 0.039884 0.232718
v 0.261704 0.077592 0.455041
v 0.277138 0.117138 0.447695
v 0.220392 0.073696 0.347274
v 0.235826 0.113243 0.339928
v 0.361290 0.031940 0.418515
v 0.376724 0.071487 0.411169
v 0.319978 0.028045 0.310748
v 0.335412 0.067592 0.303402
v 0.292327 0.086448 0.344721
v 0.298425 0.102074 0.341818
v 0.328666 0.074441 0.356433
v 0.334765 0.090067 0.353531
v 0.331618 0.080614 0.395868
v 0.337717 0.096240 0.392965
v 0.297103 0.096437 0.408527
v 0.303201 0.112062 0.405625
v 0.272820 0.100042 0.376917
v 0.278918 0.115668 0.374014
v 0.229711 0.022738 0.560118
v 0.223890 0.065424 0.559772
v 0.156242 0.012000 0.471673
v 0.150420 0.054686 0.471327
v 0.317428 0.034098 0.485874
v 0.311607 0.076784 0.485527
v 0.243959 0.023360 0.397429
v 0.238137 0.066046 0.397082
v 0.210155 0.057459 0.452421
v 0.207854 0.074326 0.452284
v 0.249717 0.062832 0.449622
v 0.247417 0.079698 0.449485
v 0.264540 0.065155 0.486727
v 0.262240 0.082021 0.486590
v 0.234138 0.061217 0.512459
v 0.231838 0.078084 0.512322
v 0.200526 0.056461 0.491257
v 0.198226 0.073328 0.491120
v 0.206945 0.023186 0.425774
v 0.212336 0.064875 0.435213
v 0.093332 0.040455 0.414398
v 0.098723 0.082144 0.423838
v 0.221736 0.046655 0.313676
v 0.227127 0.088344 0.323115
v 0.108123 0.063924 0.302300
v 0.113514 0.105613 0.311740
v 0.128877 0.085330 0.368939
v 0.131007 0.101802 0.372669
v 0.156169 0.088392 0.339825
v 0.158300 0.104865 0.343554
v 0.192035 0.080186 0.355580
v 0.194165 0.096659 0.359310
v 0.186909 0.072052 0.394432
v 0.189039 0.088525 0.398162
v 0.147875 0.075231 0.402688
v 0.150005 0.091703 0.406418
v 0.108860 -0.007111 0.431857
v 0.098820 0.034015 0.439856
v -0.003278 -0.032300 0.420620
v -0.013317 0.008826 0.428618
v 0.114911 0.016326 0.318943
v 0.104871 0.057452 0.326941
v 0.002773 -0.008863 0.307706
v -0.007266 0.032264 0.315704
v 0.014011 0.020808 0.373455
v 0.010044 0.037058 0.376616
v 0.038552 0.032511 0.344084
v 0.034585 0.048761 0.347244
v 0.074867 0.038303 0.359881
v 0.070900 0.054553 0.363042
v 0.072770 0.030180 0.399016
v 0.068803 0.046430 0.402177
v 0.035159 0.019367 0.407405
v 0.031192 0.035617 0.410566
v 0.208243 -0.009417 0.351242
v 0.208617 0.033664 0.351191
v 0.093364 -0.008435 0.339520
v 0.093738 0.034647 0.339470
v 0.219963 -0.009654 0.236358
v 0.220336 0.033427 0.236308
v 0.105084 -0.008672 0.224637
v 0.105457 0.034410 0.224587
v 0.123217 0.029154 0.284387
v 0.123365 0.046176 0.284367
v 0.149906 0.028887 0.254562
v 0.150054 0.045910 0.254542
v 0.186518 0.028589 0.270730
v 0.186666 0.045611 0.270710
v 0.182456 0.028671 0.310547
v 0.182604 0.045693 0.310527
v 0.143334 0.029020 0.318988
v 0.143482 0.046043 0.318968
vn -0.763700 -0.614100 0.199000
vn -0.514900 0.393400 -0.761700
vn 0.763700 0.614100 -0.199000
vn 0.514900 -0.393400 0.761700
vn -0.389500 0.684200 0.616600
vn 0.032400 0.679200 -0.733200
vn 0.885400 0.462500 0.046100
vn -0.567200 -0.705700 0.424700
vn -0.865400 -0.042700 -0.499200
vn 0.647900 -0.759100 0.062900
vn -0.275700 -0.156800 0.948400
vn -0.647900 0.759100 -0.062900
vn 0.275700 0.156800 -0.948400
vn 0.710100 0.631800 0.310900
vn -0.603900 0.319300 0.730300
vn -0.531000 0.770400 -0.352800
vn 0.701400 -0.673500 -0.233300
vn 0.157700 -0.573100 0.804200
vn 0.213400 -0.073100 0.974200
vn -0.771600 0.599000 0.214000
vn -0.213400 0.073100 -0.974200
vn 0.771600 -0.599000 -0.214000
vn 0.599200 0.797400 -0.071400
vn -0.749700 0.527600 -0.399500
vn 0.035500 -0.115600 -0.992700
vn 0.441400 -0.254600 0.860400
vn -0.498800 0.441700 0.745700
vn 0.165100 -0.015600 0.986100
vn -0.523400 0.846000 0.101000
vn -0.165100 0.015600 -0.986100
vn 0.523400 -0.846000 -0.101000
vn 0.835900 0.532900 -0.131500
vn -0.520500 0.693600 -0.497900
vn 0.004700 -0.246600 -0.969100
vn 0.318800 -0.276300 0.906700
vn -0.326400 0.675300 0.661400
vn -0.707100 0.457400 0.539200
vn -0.596200 0.024500 -0.802500
vn 0.707100 -0.457400 -0.539200
vn 0.596200 -0.024500 0.802500
vn 0.380300 0.888900 -0.255400
vn -0.066700 -0.249100 -0.966200
vn 0.856700 -0.442600 -0.264900
vn -0.488300 0.427500 0.760800
vn -0.897900 0.288600 -0.332300
vn -0.540100 -0.841500 0.014200
vn 0.309800 -0.214500 -0.926300
vn 0.540100 0.841500 -0.014200
vn -0.309800 0.214500 0.926300
vn -0.782500 0.495900 -0.376600
vn 0.568100 0.321100 -0.757700
vn 0.417900 0.866600 0.272700
vn -0.609400 -0.734000 0.299800
vn -0.066800 -0.668100 -0.741000
vn -0.862400 0.395300 0.316300
vn -0.357700 -0.033700 -0.933200
vn 0.862400 -0.395300 -0.316300
vn 0.357700 0.033700 0.933200
vn 0.358200 0.917900 -0.170500
vn 0.217500 -0.259700 -0.940900
vn 0.930700 -0.365500 -0.012400
vn -0.709600 0.386400 0.589200
vn -0.796300 0.205100 -0.569100
vn -0.759600 -0.098400 0.642900
vn -0.636200 -0.093000 -0.765900
vn 0.759600 0.098400 -0.642900
vn 0.636200 0.093000 0.765900
vn -0.135100 0.990800 -0.008000
vn -0.068200 -0.017400 -0.997500
vn 0.919000 0.122300 -0.374800
vn -0.525800 -0.064800 0.848100
vn -0.961200 -0.133000 -0.241700
vn -0.128100 -0.203200 0.970700
vn -0.983800 0.149500 -0.098500
vn 0.128100 0.203200 -0.970700
vn 0.983800 -0.149500 0.098500
vn 0.125100 0.967600 0.219100
vn -0.720700 0.240400 -0.650300
vn 0.425800 0.147100 -0.892800
vn 0.182200 -0.239500 0.953600
vn -0.871200 0.001500 0.490900
vn -0.052400 -0.203000 0.977800
vn -0.971100 -0.218100 -0.097300
vn 0.052400 0.203000 -0.977800
vn 0.971100 0.218100 0.097300
vn -0.233000 0.954600 0.185700
vn -0.754800 -0.057200 -0.653500
vn 0.349900 0.260400 -0.899900
vn 0.250200 -0.125600 0.960000
vn -0.816400 -0.295800 0.496000
vn -0.101500 0.002100 0.994800
vn -0.994800 0.008500 -0.101500
vn 0.101500 -0.002100 -0.994800
vn 0.994800 -0.008500 0.101500
vn 0.008700 1.000000 -0.001200
vn -0.745200 0.005700 -0.666900
vn 0.403900 -0.004600 -0.914800
vn 0.210900 -0.000700 0.977500
vn -0.864500 0.008100 0.502600
s off
f 2//1 4//1 3//1 1//1
f 4//2 8//2 7//2 3//2
f 8//3 6//3 5//3 7//3
f 6//4 2//4 1//4 5//4
f 6//5 8//5 4//5 2//5
f 9//6 10//6 12//6 11//6
f 11//7 12//7 14//7 13//7
f 13//4 14//4 16//4 15//4
f 15//8 16//8 18//8 17//8
f 17//9 18//9 10//9 9//9
f 18//5 14//5 12//5
f 12//5 10//5 18//5
f 18//5 16//5 14//5
f 20//10 22//10 21//10 19//10
f 22//11 26//11 25//11 21//11
f 26//12 24//12 23//12 25//12
f 24//13 20//13 19//13 23//13
f 24//14 26//14 22//14 20//14
f 27//15 28//15 30//15 29//15
f 29//16 30//16 32//16 31//16
f 31//13 32//13 34//13 33//13
f 33//17 34//17 36//17 35//17
f 35//18 36//18 28//18 27//18
f 36//14 32//14 30//14
f 30//14 28//14 36//14
f 36//14 34//14 32//14
f 38//19 40//19 39//19 37//19
f 40//20 44//20 43//20 39//20
f 44//21 42//21 41//21 43//21
f 42//22 38//22 37//22 41//22
f 42//23 44//23 40//23 38//23
f 45//24 46//24 48//24 47//24
f 47//25 48//25 50//25 49//25
f 49//22 50//22 52//22 51//22
f 51//26 52//26 54//26 53//26
f 53//27 54//27 46//27 45//27
f 54//23 50//23 48//23
f 48//23 46//23 54//23
f 54//23 52//23 50//23
f 56//28 58//28 57//28 55//28
f 58//29 62//29 61//29 57//29
f 62//30 60//30 59//30 61//30
f 60//31 56//31 55//31 59//31
f 60//32 62//32 58//32 56//32
f 63//33 64//33 66//33 65//33
f 65//34 66//34 68//34 67//34
f 67//31 68//31 70//31 69//31
f 69//35 70//35 72//35 71//35
f 71//36 72//36 64//36 63//36
f 72//32 68//32 66//32
f 66//32 64//32 72//32
f 72//32 70//32 68//32
f 74//37 76//37 75//37 73//37
f 76//38 80//38 79//38 75//38
f 80//39 78//39 77//39 79//39
f 78//40 74//40 73//40 77//40
f 78//41 80//41 76//41 74//41
f 81//42 82//42 84//42 83//42
f 83//43 84//43 86//43 85//43
f 85//40 86//40 88//40 87//40
f 87//44 88//44 90//44 89//44
f 89//45 90//45 82//45 81//45
f 90//41 86//41 84//41
f 84//41 82//41 90//41
f 90//41 88//41 86//41
f 92//46 94//46 93//46 91//46
f 94//47 98//47 97//47 93//47
f 98//48 96//48 95//48 97//48
f 96//49 92//49 91//49 95//49
f 96//50 98//50 94//50 92//50
f 99//51 100//51 102//51 101//51
f 101//52 102//52 104//52 103//52
f 103//49 104//49 106//49 105//49
f 105//53 106//53 108//53 107//53
f 107//54 108//54 100//54 99//54
f 108//50 104//50 102//50
f 102//50 100//50 108//50
f 108//50 106//50 104//50
f 110//55 112//55 111//55 109//55
f 112//56 116//56 115//56 111//56
f 116//57 114//57 113//57 115//57
f 114//58 110//58 109//58 113//58
f 114//59 116//59 112//59 110//59
f 117//60 118//60 120//60 119//60
f 119//61 120//61 122//61 121//61
f 121//58 122//58 124//58 123//58
f 123//62 124//62 126//62 125//62
f 125//63 126//63 118//63 117//63
f 126//59 122//59 120//59
f 120//59 118//59 126//59
f 126//59 124//59 122//59
f 128//64 130//64 129//64 127//64
f 130//65 134//65 133//65 129//65
f 134//66 132//66 131//66 133//66
f 132//67 128//67 127//67 131//67
f 132//68 134//68 130//68 128//68
f 135//69 136//69 138//69 137//69
f 137//70 138//70 140//70 139//70
f 139//67 140//67 142//67 141//67
f 141//71 142//71 144//71 143//71
f 143//72 144//72 136//72 135//72
f 144//68 140//68 138//68
f 138//68 136//68 144//68
f 144//68 142//68 140//68
f 146//73 148//73 147//73 145//73
f 148//74 152//74 151//74 147//74
f 152//75 150//75 149//75 151//75
f 150//76 146//76 145//76 149//76
f 150//77 152//77 148//77 146//77
f 153//78 154//78 156//78 155//78
f 155//79 156//79 158//79 157//79
f 157//76 158//76 160//76 159//76
f 159//80 160//80 162//80 161//80
f 161//81 162//81 154//81 153//81
f 162//77 158//77 156//77
f 156//77 154//77 162//77
f 162//77 160//77 158//77
f 164//82 166//82 165//82 163//82
f 166//83 170//83 169//83 165//83
f 170//84 168//84 167//84 169//84
f 168//85 164//85 163//85 167//85
f 168//86 170//86 166//86 164//86
f 171//87 172//87 174//87 173//87
f 173//88 174//88 176//88 175//88
f 175//85 176//85 178//85 177//85
f 177//89 178//89 180//89 179//89
f 179//90 180//90 172//90 171//90
f 180//86 176//86 174//86
f 174//86 172//86 180//86
f 180//86 178//86 176//86
f 182//91 184//91 183//91 181//91
f 184//92 188//92 187//92 183//92
f 188//93 186//93 185//93 187//93
f 186//94 182//94 181//94 185//94
f 186//95 188//95 184//95 182//95
f 189//96 190//96 192//96 191//96
f 191//97 192//97 194//97 193//97
f 193//94 194//94 196//94 195//94
f 195//98 196//98 198//98 197//98
f 197//99 198//99 190//99 189//99
f 198//95 194//95 192//95
f 192//95 190//95 198//95
f 198//95 196//95 194//95
