# Blender v2.77 (sub 0) OBJ File: 'room1.blend'
# www.blender.org
v 0.260434 0.075257 0.472958
v 0.258439 0.114407 0.490830
v 0.161121 0.095465 0.417604
v 0.159126 0.134615 0.435477
v 0.319118 0.119018 0.383646
v 0.317123 0.158168 0.401518
v 0.219805 0.139226 0.328292
v 0.217810 0.178377 0.346164
v 0.209191 0.147657 0.400027
v 0.208403 0.163127 0.407089
v 0.245878 0.155811 0.386261
v 0.245090 0.171280 0.393323
v 0.272329 0.144463 0.414073
v 0.271540 0.159932 0.421134
v 0.251989 0.129296 0.445027
v 0.251201 0.144765 0.452089
v 0.212968 0.131270 0.436347
v 0.212180 0.146739 0.443408
v 0.272945 0.147241 0.321524
v 0.261254 0.186477 0.308110
v 0.234836 0.101980 0.222354
v 0.223145 0.141216 0.208940
v 0.377354 0.162286 0.274536
v 0.365663 0.201523 0.261121
v 0.339245 0.117025 0.175366
v 0.327554 0.156261 0.161951
v 0.284657 0.153358 0.207454
v 0.280037 0.168861 0.202153
v 0.321696 0.166797 0.214481
v 0.317077 0.182300 0.209181
v 0.323075 0.180105 0.252203
v 0.318456 0.195608 0.246902
v 0.286888 0.174890 0.268488
v 0.282269 0.190393 0.263188
v 0.263144 0.158360 0.240832
v 0.258525 0.173863 0.235532
v 0.309242 0.032705 0.361652
v 0.334179 0.067423 0.356276
v 0.215077 0.098909 0.352399
v 0.240014 0.133627 0.347024
v 0.308437 0.015600 0.247449
v 0.333375 0.050318 0.242073
v 0.214273 0.081804 0.238196
v 0.239210 0.116522 0.232821
v 0.256011 0.107264 0.292413
v 0.265864 0.120982 0.290288
v 0.274968 0.088980 0.262275
v 0.284822 0.102699 0.260151
v 0.306093 0.068990 0.277557
v 0.315947 0.082708 0.275433
v 0.306372 0.074918 0.317138
v 0.316225 0.088637 0.315014
v 0.275419 0.098573 0.326319
v 0.285273 0.112291 0.324195
v 0.164561 0.017146 0.545245
v 0.147975 0.048848 0.569247
v 0.067372 0.013434 0.482987
v 0.050786 0.045135 0.506989
v 0.208303 0.095259 0.472303
v 0.191717 0.126960 0.496305
v 0.111115 0.091546 0.410045
v 0.094528 0.123247 0.434046
v 0.094687 0.081191 0.480419
v 0.088133 0.093717 0.489903
v 0.126751 0.103850 0.472650
v 0.120198 0.116376 0.482133
v 0.154102 0.096708 0.500984
v 0.147548 0.109234 0.510467
v 0.138942 0.069635 0.526265
v 0.132388 0.082161 0.535748
v 0.102221 0.060045 0.513555
v 0.095667 0.072571 0.523039
vn -0.508200 -0.379000 0.773400
vn -0.860000 0.175000 -0.479300
vn 0.508200 0.379000 -0.773400
vn 0.860000 -0.175000 0.479300
vn -0.046300 0.908700 0.414800
vn -0.397100 0.364300 -0.842400
vn 0.749100 0.306300 -0.587400
vn -0.217600 -0.414500 0.883700
vn -0.994500 -0.081200 0.066800
vn -0.904100 -0.130300 0.406900
vn -0.330000 -0.391900 -0.858800
vn 0.904100 0.130300 -0.406900
vn 0.330000 0.391900 0.858800
vn -0.271400 0.910700 -0.311400
vn 0.264500 -0.240500 -0.933900
vn 0.961900 0.245000 -0.121600
vn -0.757900 -0.002800 0.652400
vn -0.798400 -0.393700 -0.455600
vn 0.007000 0.148100 0.988900
vn -0.815400 0.573300 -0.080100
vn -0.007000 -0.148100 -0.988900
vn 0.815400 -0.573300 0.080100
vn 0.578800 0.805900 -0.124800
vn -0.663800 0.376700 -0.646100
vn 0.245400 -0.318000 -0.915800
vn 0.258600 -0.036300 0.965300
vn -0.655600 0.550900 0.516500
vn -0.378800 -0.676400 0.631600
vn -0.841600 -0.032200 -0.539100
vn 0.378800 0.676400 -0.631600
vn 0.841600 0.032200 0.539100
vn -0.385000 0.735800 0.557100
vn -0.458200 0.371600 -0.807400
vn 0.620300 0.653200 -0.434100
vn -0.100200 -0.633400 0.767300
vn -0.903500 -0.423600 -0.064900
s off
f 2//1 4//1 3//1 1//1
f 4//2 8//2 7//2 3//2
f 8//3 6//3 5//3 7//3
f 6//4 2//4 1//4 5//4
f 6//5 8//5 4//5 2//5
f 9//6 10//6 12//6 11//6
f 11//7 12//7 14//7 13//7
f 13//4 14//4 16//4 15//4
f 15//8 16//8 18//8 17//8
f 17//9 18//9 10//9 9//9
f 18//5 14//5 12//5
f 12//5 10//5 18//5
f 18//5 16//5 14//5
f 20//10 22//10 21//10 19//10
f 22//11 26//11 25//11 21//11
f 26//12 24//12 23//12 25//12
f 24//13 20//13 19//13 23//13
f 24//14 26//14 22//14 20//14
f 27//15 28//15 30//15 29//15
f 29//16 30//16 32//16 31//16
f 31//13 32//13 34//13 33//13
f 33//17 34//17 36//17 35//17
f 35//18 36//18 28//18 27//18
f 36//14 32//14 30//14
f 30//14 28//14 36//14
f 36//14 34//14 32//14
f 38//19 40//19 39//19 37//19
f 40//20 44//20 43//20 39//20
f 44//21 42//21 41//21 43//21
f 42//22 38//22 37//22 41//22
f 42//23 44//23 40//23 38//23
f 45//24 46//24 48//24 47//24
f 47//25 48//25 50//25 49//25
f 49//22 50//22 52//22 51//22
f 51//26 52//26 54//26 53//26
f 53//27 54//27 46//27 45//27
f 54//23 50//23 48//23
f 48//23 46//23 54//23
f 54//23 52//23 50//23
f 56//28 58//28 57//28 55//28
f 58//29 62//29 61//29 57//29
f 62//30 60//30 59//30 61//30
f 60//31 56//31 55//31 59//31
f 60//32 62//32 58//32 56//32
f 63//33 64//33 66//33 65//33
f 65//34 66//34 68//34 67//34
f 67//31 68//31 70//31 69//31
f 69//35 70//35 72//35 71//35
f 71//36 72//36 64//36 63//36
f 72//32 68//32 66//32
f 66//32 64//32 72//32
f 72//32 70//32 68//32
