# Blender v2.77 (sub 0) OBJ File: 'room1.blend'
# www.blender.org
v -0.614014 0.075257 -2.097491
v -0.629860 0.114407 -2.105994
v -0.525673 0.095465 -2.169066
v -0.541519 0.134615 -2.177569
v -0.552961 0.119018 -2.009781
v -0.568806 0.158168 -2.018284
v -0.464620 0.139226 -2.081356
v -0.480465 0.178377 -2.089860
v -0.527251 0.147657 -2.117907
v -0.533512 0.163127 -2.121267
v -0.528128 0.155811 -2.078732
v -0.534389 0.171280 -2.082092
v -0.563787 0.144463 -2.064533
v -0.570048 0.159932 -2.067893
v -0.584947 0.129296 -2.094932
v -0.591208 0.144765 -2.098292
v -0.562366 0.131270 -2.127919
v -0.568627 0.146739 -2.131279
v -0.684182 0.068553 -2.022609
v -0.710922 0.102314 -2.021481
v -0.612256 0.127800 -2.090815
v -0.638996 0.161561 -2.089687
v -0.629181 0.109002 -1.929473
v -0.655921 0.142764 -1.928345
v -0.557256 0.168249 -1.997679
v -0.583996 0.202011 -1.996551
v -0.623069 0.165553 -2.029158
v -0.633635 0.178893 -2.028713
v -0.622300 0.164825 -1.989149
v -0.632866 0.178165 -1.988703
v -0.651899 0.140964 -1.976641
v -0.662465 0.154304 -1.976196
v -0.670961 0.126944 -2.008921
v -0.681527 0.140284 -2.008475
v -0.653144 0.142142 -2.041378
v -0.663709 0.155481 -2.040933
v -0.733835 0.052269 -2.138263
v -0.752246 0.081744 -2.163725
v -0.630066 0.097695 -2.160707
v -0.648477 0.127171 -2.186170
v -0.745328 0.123190 -2.047854
v -0.763739 0.152666 -2.073317
v -0.641558 0.168617 -2.070299
v -0.659969 0.198093 -2.095762
v -0.673389 0.149776 -2.133239
v -0.680664 0.161422 -2.143300
v -0.697751 0.160407 -2.103317
v -0.705026 0.172054 -2.113378
v -0.730726 0.137838 -2.105601
v -0.738000 0.149484 -2.115662
v -0.726743 0.113257 -2.136935
v -0.734017 0.124904 -2.146996
v -0.691307 0.120635 -2.154017
v -0.698581 0.132282 -2.164078
v -0.616415 0.017827 -1.874905
v -0.640234 0.045045 -1.851497
v -0.706210 -0.000281 -1.945222
v -0.730030 0.026937 -1.921814
v -0.581830 0.105491 -1.941647
v -0.605649 0.132709 -1.918239
v -0.671625 0.087383 -2.011963
v -0.695445 0.114601 -1.988555
v -0.691367 0.071277 -1.943549
v -0.700778 0.082032 -1.934300
v -0.663376 0.099547 -1.947938
v -0.672788 0.110302 -1.938689
v -0.637482 0.096127 -1.917612
v -0.646893 0.106882 -1.908363
v -0.649468 0.065744 -1.894480
v -0.658880 0.076498 -1.885231
v -0.682771 0.050386 -1.910510
v -0.692183 0.061140 -1.901261
v -0.769703 -0.007327 -2.002543
v -0.785202 0.032558 -1.997530
v -0.812559 -0.010507 -2.109729
v -0.828058 0.029378 -2.104716
v -0.670844 0.036220 -2.043362
v -0.686343 0.076104 -2.038349
v -0.713700 0.033039 -2.150548
v -0.729199 0.072924 -2.145535
v -0.767889 0.047041 -2.103675
v -0.774013 0.062800 -2.101694
v -0.731439 0.059899 -2.093284
v -0.737563 0.075658 -2.091303
v -0.727901 0.056283 -2.053581
v -0.734025 0.072043 -2.051600
v -0.762164 0.041191 -2.039434
v -0.768288 0.056950 -2.037453
v -0.786878 0.035479 -2.070394
v -0.793002 0.051238 -2.068413
v -0.593192 0.060556 -1.968610
v -0.599945 0.094909 -1.943503
v -0.582962 0.129734 -2.060509
v -0.589715 0.164087 -2.035401
v -0.479600 0.068998 -1.949611
v -0.486352 0.103351 -1.924503
v -0.469369 0.138175 -2.041509
v -0.476122 0.172528 -2.016402
v -0.534154 0.149942 -2.009980
v -0.536822 0.163515 -2.000059
v -0.504387 0.138216 -1.985931
v -0.507056 0.151790 -1.976010
v -0.519926 0.114509 -1.957674
v -0.522594 0.128083 -1.947753
v -0.559295 0.111583 -1.964259
v -0.561963 0.125157 -1.954338
v -0.568089 0.133482 -1.996586
v -0.570757 0.147056 -1.986665
v -0.585981 0.005091 -1.882313
v -0.594126 0.028049 -1.846778
v -0.574313 0.102792 -1.942761
v -0.582457 0.125750 -1.907226
v -0.473186 0.006894 -1.857626
v -0.481330 0.029852 -1.822092
v -0.461517 0.104594 -1.918074
v -0.469662 0.127553 -1.882539
v -0.527425 0.103775 -1.886687
v -0.530643 0.112847 -1.872646
v -0.498175 0.084377 -1.867450
v -0.501393 0.093449 -1.853410
v -0.514101 0.051980 -1.850169
v -0.517319 0.061051 -1.836129
v -0.553195 0.051355 -1.858726
v -0.556413 0.060426 -1.844685
v -0.561429 0.083366 -1.881294
v -0.564647 0.092438 -1.867254
v -0.478117 0.147241 -2.029515
v -0.461314 0.186477 -2.035373
v -0.371888 0.101980 -2.027975
v -0.355085 0.141216 -2.033833
v -0.473365 0.162286 -1.915118
v -0.456562 0.201523 -1.920976
v -0.367136 0.117025 -1.913578
v -0.350333 0.156261 -1.919436
v -0.376601 0.153358 -1.976188
v -0.369962 0.168861 -1.978503
v -0.396910 0.166797 -1.944425
v -0.390270 0.182300 -1.946740
v -0.432434 0.180105 -1.957185
v -0.425795 0.195608 -1.959500
v -0.434081 0.174890 -1.996833
v -0.427442 0.190394 -1.999148
v -0.399574 0.158360 -2.008578
v -0.392935 0.173863 -2.010892
v -0.478512 0.077080 -1.923762
v -0.474396 0.115377 -1.904461
v -0.366875 0.079903 -1.953169
v -0.362759 0.118200 -1.933868
v -0.451107 0.024257 -1.824796
v -0.446991 0.062555 -1.805495
v -0.339470 0.027081 -1.854203
v -0.335354 0.065378 -1.834902
v -0.372527 0.086582 -1.880593
v -0.370901 0.101714 -1.872967
v -0.387585 0.071196 -1.846853
v -0.385959 0.086328 -1.839227
v -0.427319 0.075923 -1.847759
v -0.425693 0.091055 -1.840133
v -0.436817 0.094230 -1.882060
v -0.435191 0.109362 -1.874433
v -0.402954 0.100818 -1.902352
v -0.401328 0.115950 -1.894726
v -0.405462 0.027185 -1.977073
v -0.396430 0.069297 -1.975983
v -0.308862 0.008029 -2.037381
v -0.299831 0.050141 -2.036291
v -0.346998 0.012098 -1.878636
v -0.337967 0.054210 -1.877545
v -0.250399 -0.007058 -1.938944
v -0.241367 0.035053 -1.937854
v -0.291546 0.041479 -1.974731
v -0.287978 0.058118 -1.974300
v -0.294832 0.041151 -1.934844
v -0.291264 0.057790 -1.934413
v -0.332935 0.049081 -1.925507
v -0.329367 0.065720 -1.925076
v -0.353198 0.054310 -1.959624
v -0.349630 0.070949 -1.959194
v -0.327618 0.049612 -1.990046
v -0.324050 0.066251 -1.989616
v -0.346446 0.033424 -2.147269
v -0.321671 0.064912 -2.163107
v -0.252991 -0.032869 -2.132879
v -0.228217 -0.001381 -2.148718
v -0.332591 0.076055 -2.040844
v -0.307817 0.107543 -2.056682
v -0.239137 0.009762 -2.026455
v -0.214362 0.041250 -2.042293
v -0.243502 0.029830 -2.096511
v -0.233713 0.042271 -2.102769
v -0.258656 0.055288 -2.069602
v -0.248867 0.067730 -2.075860
v -0.290945 0.072574 -2.085743
v -0.281156 0.085016 -2.092001
v -0.295747 0.057799 -2.122628
v -0.285958 0.070240 -2.128886
v -0.266426 0.031381 -2.129283
v -0.256637 0.043823 -2.135542
v -0.420538 0.041304 -2.165360
v -0.411568 0.080877 -2.179840
v -0.308559 0.024108 -2.142988
v -0.299589 0.063681 -2.157468
v -0.435308 0.083597 -2.058924
v -0.426338 0.123170 -2.073404
v -0.323329 0.066401 -2.036552
v -0.314359 0.105974 -2.051031
v -0.331120 0.083641 -2.107062
v -0.327575 0.099277 -2.112784
v -0.358074 0.099003 -2.081776
v -0.354529 0.114639 -2.087497
v -0.393403 0.100141 -2.100550
v -0.389858 0.115778 -2.106271
v -0.388283 0.085483 -2.137439
v -0.384739 0.101119 -2.143161
v -0.349790 0.075285 -2.141464
v -0.346246 0.090921 -2.147186
v -0.373577 0.005875 -2.277814
v -0.345972 0.027239 -2.303066
v -0.287611 -0.018897 -2.204795
v -0.260006 0.002468 -2.230047
v -0.395268 0.103047 -2.219311
v -0.367663 0.124412 -2.244563
v -0.309301 0.078275 -2.146292
v -0.281697 0.099640 -2.171544
v -0.291881 0.053642 -2.212770
v -0.280973 0.062084 -2.222748
v -0.315476 0.085935 -2.211242
v -0.304568 0.094377 -2.221220
v -0.341489 0.083693 -2.241576
v -0.330582 0.092135 -2.251554
v -0.333971 0.050015 -2.261853
v -0.323064 0.058456 -2.271830
v -0.303312 0.031442 -2.244050
v -0.292404 0.039884 -2.254027
v -0.528871 0.032705 -2.010761
v -0.533163 0.067423 -1.985615
v -0.485235 0.098909 -2.094717
v -0.489527 0.133627 -2.069570
v -0.422574 0.015600 -1.969002
v -0.426866 0.050318 -1.943855
v -0.378938 0.081804 -2.052957
v -0.383230 0.116522 -2.027811
v -0.444794 0.107264 -2.034397
v -0.446490 0.120982 -2.024461
v -0.423878 0.088980 -2.005585
v -0.425574 0.102699 -1.995649
v -0.449646 0.068990 -1.982383
v -0.451342 0.082708 -1.972447
v -0.486487 0.074918 -1.996857
v -0.488183 0.088637 -1.986921
v -0.483488 0.098573 -2.029003
v -0.485184 0.112291 -2.019067
v -0.597857 0.077592 -2.089643
v -0.596783 0.117138 -2.072583
v -0.482456 0.073696 -2.087876
v -0.481382 0.113243 -2.070816
v -0.601020 0.031940 -1.983617
v -0.599947 0.071487 -1.966557
v -0.485620 0.028045 -1.981850
v -0.484546 0.067592 -1.964790
v -0.506861 0.086448 -2.020159
v -0.506437 0.102074 -2.013418
v -0.531257 0.074441 -1.990790
v -0.530833 0.090067 -1.984049
v -0.568957 0.080614 -2.002728
v -0.568533 0.096240 -1.995987
v -0.567861 0.096437 -2.039475
v -0.567436 0.112062 -2.032734
v -0.529483 0.100042 -2.050248
v -0.529059 0.115668 -2.043507
v -0.645424 0.017146 -2.213380
v -0.661528 0.048848 -2.237708
v -0.551465 0.013434 -2.280414
v -0.567569 0.045135 -2.304742
v -0.594003 0.095259 -2.145632
v -0.610107 0.126960 -2.169960
v -0.500044 0.091546 -2.212665
v -0.516148 0.123247 -2.236993
v -0.559248 0.081191 -2.254106
v -0.565611 0.093717 -2.263718
v -0.563971 0.103850 -2.221453
v -0.570334 0.116376 -2.231066
v -0.600450 0.096708 -2.206614
v -0.606813 0.109234 -2.216226
v -0.618271 0.069635 -2.230094
v -0.624634 0.082161 -2.239707
v -0.592808 0.060045 -2.259446
v -0.599171 0.072571 -2.269059
v -0.683477 0.022738 -2.158446
v -0.680989 0.065424 -2.163721
v -0.574041 0.012000 -2.193718
v -0.571553 0.054686 -2.198993
v -0.647215 0.034098 -2.049398
v -0.644727 0.076784 -2.054672
v -0.537779 0.023360 -2.084670
v -0.535291 0.066046 -2.089944
v -0.576239 0.057459 -2.136513
v -0.575256 0.074326 -2.138597
v -0.588365 0.062832 -2.098751
v -0.587382 0.079698 -2.100835
v -0.628322 0.065155 -2.098804
v -0.627338 0.082021 -2.100888
v -0.640890 0.061217 -2.136599
v -0.639906 0.078084 -2.138683
v -0.608701 0.056461 -2.159904
v -0.607717 0.073328 -2.161988
v -0.550311 0.023186 -2.129575
v -0.561079 0.064875 -2.128084
v -0.497467 0.040455 -2.230791
v -0.508235 0.082144 -2.229300
v -0.451772 0.046655 -2.074124
v -0.462540 0.088344 -2.072633
v -0.398928 0.063924 -2.175340
v -0.409696 0.105613 -2.173849
v -0.468503 0.085330 -2.180880
v -0.472758 0.101802 -2.180291
v -0.451639 0.088392 -2.144712
v -0.455893 0.104865 -2.144123
v -0.479611 0.080186 -2.117287
v -0.483866 0.096659 -2.116698
v -0.513764 0.072052 -2.136506
v -0.518018 0.088525 -2.135917
v -0.506899 0.075231 -2.175808
v -0.511153 0.091703 -2.175219
v -0.519451 -0.007111 -2.222877
v -0.523138 0.034015 -2.235172
v -0.467283 -0.032300 -2.322775
v -0.470970 0.008826 -2.335070
v -0.416901 0.016326 -2.175234
v -0.420588 0.057452 -2.187529
v -0.364734 -0.008863 -2.275132
v -0.368421 0.032264 -2.287427
v -0.429942 0.020808 -2.289174
v -0.431399 0.037058 -2.294032
v -0.411815 0.032511 -2.255464
v -0.413272 0.048761 -2.260322
v -0.439994 0.038303 -2.227638
v -0.441451 0.054553 -2.232496
v -0.475536 0.030180 -2.244150
v -0.476993 0.046430 -2.249008
v -0.469324 0.019367 -2.282182
v -0.470781 0.035617 -2.287040
v -0.481617 -0.009417 -2.100629
v -0.481709 0.033664 -2.100263
v -0.427980 -0.008435 -2.202892
v -0.428072 0.034647 -2.202526
v -0.379350 -0.009654 -2.046992
v -0.379442 0.033427 -2.046626
v -0.325713 -0.008672 -2.149255
v -0.325805 0.034410 -2.148889
v -0.387920 0.029154 -2.154663
v -0.387956 0.046176 -2.154518
v -0.370171 0.028887 -2.118790
v -0.370208 0.045910 -2.118646
v -0.398804 0.028589 -2.090827
v -0.398840 0.045611 -2.090682
v -0.434249 0.028671 -2.109416
v -0.434285 0.045693 -2.109272
v -0.427522 0.029020 -2.148869
v -0.427558 0.046043 -2.148725
vn -0.528700 -0.379000 -0.759500
vn 0.765000 0.175000 -0.619800
vn 0.528700 0.379000 0.759500
vn -0.765000 -0.175000 0.619800
vn -0.367800 0.908700 -0.197400
vn 0.929600 0.364300 -0.055000
vn 0.266400 0.306300 0.913900
vn -0.739200 -0.414500 -0.530800
vn 0.308100 -0.081200 -0.947900
vn -0.476300 -0.350300 -0.806500
vn 0.622800 0.513100 -0.590600
vn 0.476300 0.350300 0.806500
vn -0.622800 -0.513100 0.590600
vn -0.620700 0.783600 0.026200
vn 0.783800 0.621000 -0.003800
vn 0.260500 0.174600 0.949600
vn -0.645400 -0.491700 -0.584500
vn 0.223900 0.209200 -0.951900
vn 0.099500 -0.614100 -0.782900
vn 0.898600 0.393400 -0.194400
vn -0.099500 0.614100 0.782900
vn -0.898600 -0.393400 0.194400
vn -0.427300 0.684200 -0.591000
vn 0.668500 0.679200 0.302900
vn -0.372300 0.462500 0.804600
vn -0.183000 -0.705700 -0.684500
vn 0.785500 -0.042700 -0.617400
vn -0.299500 -0.759100 0.578000
vn -0.777600 -0.156800 -0.608900
vn 0.299500 0.759100 -0.577900
vn 0.777600 0.156800 0.608900
vn -0.552900 0.631800 0.543300
vn -0.453000 0.319300 -0.832300
vn 0.525100 0.770400 -0.361500
vn -0.044600 -0.673500 0.737800
vn -0.805100 -0.573100 -0.152900
vn -0.856100 -0.377100 0.353500
vn -0.371100 -0.027500 -0.928200
vn 0.856100 0.377100 -0.353500
vn 0.371100 0.027500 0.928200
vn -0.359700 0.925800 0.116400
vn 0.202900 0.199400 -0.958700
vn 0.928900 0.367100 -0.049300
vn -0.699500 -0.350100 0.623000
vn -0.803400 -0.243900 -0.543200
vn -0.983700 -0.073100 -0.164500
vn 0.088600 0.599000 -0.795800
vn 0.983700 0.073100 0.164500
vn -0.088600 -0.599000 0.795800
vn -0.156700 0.797400 0.582800
vn 0.649900 0.527600 -0.547100
vn 0.908100 -0.115600 0.402400
vn -0.962900 -0.254600 0.089400
vn -0.506500 0.441700 -0.740500
vn -0.976800 -0.015600 -0.213800
vn 0.101000 0.846000 -0.523400
vn 0.976800 0.015600 0.213800
vn -0.101000 -0.846000 0.523400
vn -0.189000 0.532900 0.824800
vn 0.655900 0.693600 -0.297800
vn 0.897700 -0.246600 0.365100
vn -0.960200 -0.276300 -0.041600
vn -0.492400 0.675300 -0.549100
vn -0.041100 -0.130300 -0.990600
vn 0.919900 -0.391900 0.013300
vn 0.041200 0.130300 0.990600
vn -0.919900 0.391900 -0.013300
vn 0.390000 0.910700 -0.136000
vn 0.768400 -0.240500 0.593100
vn -0.245100 0.245000 0.938000
vn -0.323400 -0.002800 -0.946300
vn 0.720000 -0.393700 -0.571500
vn -0.237300 0.457400 -0.857000
vn 0.966700 0.024400 -0.254600
vn 0.237300 -0.457400 0.857000
vn -0.966700 -0.024500 0.254600
vn 0.095500 0.888900 0.448000
vn 0.921600 -0.249100 0.297700
vn -0.073000 -0.442600 0.893700
vn -0.524400 0.427500 -0.736400
vn 0.642600 0.288600 -0.709700
vn -0.506300 0.130600 -0.852400
vn 0.836500 -0.165900 -0.522200
vn 0.506300 -0.130600 0.852400
vn -0.836500 0.165900 0.522200
vn 0.209600 0.977500 0.025300
vn 0.974300 -0.211000 0.078500
vn 0.223000 -0.073000 0.972100
vn -0.740000 0.175500 -0.649300
vn 0.379200 -0.057400 -0.923500
vn -0.120000 -0.369200 -0.921600
vn 0.809300 -0.574100 0.124600
vn 0.120000 0.369200 0.921600
vn -0.809300 0.574100 -0.124600
vn 0.575100 0.730900 -0.367600
vn 0.725200 -0.247400 0.642500
vn -0.136000 0.528500 0.838000
vn -0.364200 -0.173700 -0.915000
vn 0.584200 -0.681400 -0.440900
vn 0.575000 0.730900 -0.367600
vn 0.127900 -0.366200 -0.921700
vn 0.969700 -0.148900 0.193700
vn -0.127900 0.366200 0.921700
vn -0.969700 0.148900 -0.193700
vn 0.208200 0.918500 -0.336100
vn 0.709300 0.094800 0.698500
vn -0.421300 0.394300 0.816700
vn -0.178000 -0.302300 -0.936400
vn 0.859700 -0.335700 -0.385000
vn 0.187800 -0.841500 -0.506600
vn 0.744400 -0.214500 0.632300
vn -0.187800 0.841500 0.506600
vn -0.744400 0.214500 -0.632300
vn 0.640700 0.495900 -0.586100
vn 0.491900 0.321100 0.809300
vn -0.408700 0.866600 0.286400
vn -0.051400 -0.734000 -0.677200
vn 0.712700 -0.668200 0.213800
vn -0.920500 0.148100 -0.361600
vn 0.377900 0.573300 -0.727000
vn 0.920500 -0.148100 0.361600
vn -0.377900 -0.573300 0.727000
vn -0.099600 0.805900 0.583700
vn 0.846700 0.376700 -0.375600
vn 0.758700 -0.318000 0.568600
vn -0.992200 -0.036300 -0.119300
vn -0.235300 0.550900 -0.800700
vn 0.027400 0.395300 -0.918100
vn 0.999300 -0.033700 0.015300
vn -0.027400 -0.395300 0.918100
vn -0.999300 0.033700 -0.015300
vn 0.024900 0.917900 0.396000
vn 0.792400 -0.259600 0.552000
vn -0.334900 -0.365500 0.868500
vn -0.282800 0.386400 -0.877900
vn 0.824600 0.205100 -0.527300
vn -0.445300 -0.676400 -0.586700
vn 0.813600 -0.032200 -0.580500
vn 0.445300 0.676400 0.586700
vn -0.813600 0.032200 0.580500
vn -0.373800 0.735800 -0.564700
vn 0.920000 0.371600 -0.124800
vn 0.172100 0.653200 0.737300
vn -0.813600 0.032100 0.580500
vn -0.674900 -0.633400 -0.378600
vn 0.396500 -0.423600 -0.814500
vn -0.314000 -0.098400 -0.944300
vn 0.947700 -0.093000 -0.305400
vn 0.314000 0.098400 0.944300
vn -0.947700 0.093000 0.305400
vn 0.057800 0.990800 -0.122400
vn 0.951200 -0.017400 0.307900
vn 0.005800 0.122300 0.992500
vn -0.591500 -0.064800 -0.803700
vn 0.582100 -0.133000 -0.802200
vn -0.853300 -0.203200 -0.480200
vn 0.457600 0.149500 -0.876500
vn 0.853300 0.203200 0.480200
vn -0.457600 -0.149500 0.876500
vn -0.249900 0.967600 0.034600
vn 0.871800 0.240400 -0.426900
vn 0.670100 0.147100 0.727500
vn -0.952900 -0.239500 -0.185800
vn -0.131300 0.001500 -0.991300
vn -0.888000 -0.203000 -0.412600
vn 0.451700 -0.218100 -0.865100
vn 0.888000 0.203000 0.412600
vn -0.451700 0.218100 0.865100
vn -0.085600 0.954600 -0.285400
vn 0.887400 -0.057200 -0.457400
vn 0.705000 0.260400 0.659700
vn -0.984200 -0.125600 -0.125000
vn -0.156500 -0.295800 -0.942400
vn -0.885600 0.002100 -0.464500
vn 0.464500 0.008500 -0.885500
vn 0.885600 -0.002100 0.464500
vn -0.464500 -0.008500 0.885500
vn -0.002100 1.000000 0.008500
vn 0.896300 0.005700 -0.443400
vn 0.698700 -0.004600 0.715400
vn -0.985800 -0.000700 -0.168100
vn -0.144800 0.008100 -0.989400
s off
f 2//1 4//1 3//1 1//1
f 4//2 8//2 7//2 3//2
f 8//3 6//3 5//3 7//3
f 6//4 2//4 1//4 5//4
f 6//5 8//5 4//5 2//5
f 9//6 10//6 12//6 11//6
f 11//7 12//7 14//7 13//7
f 13//4 14//4 16//4 15//4
f 15//8 16//8 18//8 17//8
f 17//9 18//9 10//9 9//9
f 18//5 14//5 12//5
f 12//5 10//5 18//5
f 18//5 16//5 14//5
f 20//10 22//10 21//10 19//10
f 22//11 26//11 25//11 21//11
f 26//12 24//12 23//12 25//12
f 24//13 20//13 19//13 23//13
f 24//14 26//14 22//14 20//14
f 27//15 28//15 30//15 29//15
f 29//16 30//16 32//16 31//16
f 31//13 32//13 34//13 33//13
f 33//17 34//17 36//17 35//17
f 35//18 36//18 28//18 27//18
f 36//14 32//14 30//14
f 30//14 28//14 36//14
f 36//14 34//14 32//14
f 38//19 40//19 39//19 37//19
f 40//20 44//20 43//20 39//20
f 44//21 42//21 41//21 43//21
f 42//22 38//22 37//22 41//22
f 42//23 44//23 40//23 38//23
f 45//24 46//24 48//24 47//24
f 47//25 48//25 50//25 49//25
f 49//22 50//22 52//22 51//22
f 51//26 52//26 54//26 53//26
f 53//27 54//27 46//27 45//27
f 54//23 50//23 48//23
f 48//23 46//23 54//23
f 54//23 52//23 50//23
f 56//28 58//28 57//28 55//28
f 58//29 62//29 61//29 57//29
f 62//30 60//30 59//30 61//30
f 60//31 56//31 55//31 59//31
f 60//32 62//32 58//32 56//32
f 63//33 64//33 66//33 65//33
f 65//34 66//34 68//34 67//34
f 67//31 68//31 70//31 69//31
f 69//35 70//35 72//35 71//35
f 71//36 72//36 64//36 63//36
f 72//32 68//32 66//32
f 66//32 64//32 72//32
f 72//32 70//32 68//32
f 74//37 76//37 75//37 73//37
f 76//38 80//38 79//38 75//38
f 80//39 78//39 77//39 79//39
f 78//40 74//40 73//40 77//40
f 78//41 80//41 76//41 74//41
f 81//42 82//42 84//42 83//42
f 83//43 84//43 86//43 85//43
f 85//40 86//40 88//40 87//40
f 87//44 88//44 90//44 89//44
f 89//45 90//45 82//45 81//45
f 90//41 86//41 84//41
f 84//41 82//41 90//41
f 90//41 88//41 86//41
f 92//46 94//46 93//46 91//46
f 94//47 98//47 97//47 93//47
f 98//48 96//48 95//48 97//48
f 96//49 92//49 91//49 95//49
f 96//50 98//50 94//50 92//50
f 99//51 100//51 102//51 101//51
f 101//52 102//52 104//52 103//52
f 103//49 104//49 106//49 105//49
f 105//53 106//53 108//53 107//53
f 107//54 108//54 100//54 99//54
f 108//50 104//50 102//50
f 102//50 100//50 108//50
f 108//50 106//50 104//50
f 110//55 112//55 111//55 109//55
f 112//56 116//56 115//56 111//56
f 116//57 114//57 113//57 115//57
f 114//58 110//58 109//58 113//58
f 114//59 116//59 112//59 110//59
f 117//60 118//60 120//60 119//60
f 119//61 120//61 122//61 121//61
f 121//58 122//58 124//58 123//58
f 123//62 124//62 126//62 125//62
f 125//63 126//63 118//63 117//63
f 126//59 122//59 120//59
f 120//59 118//59 126//59
f 126//59 124//59 122//59
f 128//64 130//64 129//64 127//64
f 130//65 134//65 133//65 129//65
f 134//66 132//66 131//66 133//66
f 132//67 128//67 127//67 131//67
f 132//68 134//68 130//68 128//68
f 135//69 136//69 138//69 137//69
f 137//70 138//70 140//70 139//70
f 139//67 140//67 142//67 141//67
f 141//71 142//71 144//71 143//71
f 143//72 144//72 136//72 135//72
f 144//68 140//68 138//68
f 138//68 136//68 144//68
f 144//68 142//68 140//68
f 146//73 148//73 147//73 145//73
f 148//74 152//74 151//74 147//74
f 152//75 150//75 149//75 151//75
f 150//76 146//76 145//76 149//76
f 150//77 152//77 148//77 146//77
f 153//78 154//78 156//78 155//78
f 155//79 156//79 158//79 157//79
f 157//76 158//76 160//76 159//76
f 159//80 160//80 162//80 161//80
f 161//81 162//81 154//81 153//81
f 162//77 158//77 156//77
f 156//77 154//77 162//77
f 162//77 160//77 158//77
f 164//82 166//82 165//82 163//82
f 166//83 170//83 169//83 165//83
f 170//84 168//84 167//84 169//84
f 168//85 164//85 163//85 167//85
f 168//86 170//86 166//86 164//86
f 171//87 172//87 174//87 173//87
f 173//88 174//88 176//88 175//88
f 175//85 176//85 178//85 177//85
f 177//89 178//89 180//89 179//89
f 179//90 180//90 172//90 171//90
f 180//86 176//86 174//86
f 174//86 172//86 180//86
f 180//86 178//86 176//86
f 182//91 184//91 183//91 181//91
f 184//92 188//92 187//92 183//92
f 188//93 186//93 185//93 187//93
f 186//94 182//94 181//94 185//94
f 186//95 188//95 184//95 182//95
f 189//96 190//96 192//96 191//96
f 191//97 192//97 194//97 193//97
f 193//94 194//94 196//94 195//94
f 195//98 196//98 198//98 197//98
f 197//99 198//99 190//99 189//99
f 198//95 194//95 192//95
f 192//95 190//95 198//95
f 198//100 196//100 194//100
f 200//101 202//101 201//101 199//101
f 202//102 206//102 205//102 201//102
f 206//103 204//103 203//103 205//103
f 204//104 200//104 199//104 203//104
f 204//105 206//105 202//105 200//105
f 207//106 208//106 210//106 209//106
f 209//107 210//107 212//107 211//107
f 211//104 212//104 214//104 213//104
f 213//108 214//108 216//108 215//108
f 215//109 216//109 208//109 207//109
f 216//105 212//105 210//105
f 210//105 208//105 216//105
f 216//105 214//105 212//105
f 218//110 220//110 219//110 217//110
f 220//111 224//111 223//111 219//111
f 224//112 222//112 221//112 223//112
f 222//113 218//113 217//113 221//113
f 222//114 224//114 220//114 218//114
f 225//115 226//115 228//115 227//115
f 227//116 228//116 230//116 229//116
f 229//113 230//113 232//113 231//113
f 231//117 232//117 234//117 233//117
f 233//118 234//118 226//118 225//118
f 234//114 230//114 228//114
f 228//114 226//114 234//114
f 234//114 232//114 230//114
f 236//119 238//119 237//119 235//119
f 238//120 242//120 241//120 237//120
f 242//121 240//121 239//121 241//121
f 240//122 236//122 235//122 239//122
f 240//123 242//123 238//123 236//123
f 243//124 244//124 246//124 245//124
f 245//125 246//125 248//125 247//125
f 247//122 248//122 250//122 249//122
f 249//126 250//126 252//126 251//126
f 251//127 252//127 244//127 243//127
f 252//123 248//123 246//123
f 246//123 244//123 252//123
f 252//123 250//123 248//123
f 254//128 256//128 255//128 253//128
f 256//129 260//129 259//129 255//129
f 260//130 258//130 257//130 259//130
f 258//131 254//131 253//131 257//131
f 258//132 260//132 256//132 254//132
f 261//133 262//133 264//133 263//133
f 263//134 264//134 266//134 265//134
f 265//131 266//131 268//131 267//131
f 267//135 268//135 270//135 269//135
f 269//136 270//136 262//136 261//136
f 270//132 266//132 264//132
f 264//132 262//132 270//132
f 270//132 268//132 266//132
f 272//137 274//137 273//137 271//137
f 274//138 278//138 277//138 273//138
f 278//139 276//139 275//139 277//139
f 276//140 272//140 271//140 275//140
f 276//141 278//141 274//141 272//141
f 279//142 280//142 282//142 281//142
f 281//143 282//143 284//143 283//143
f 283//144 284//144 286//144 285//144
f 285//145 286//145 288//145 287//145
f 287//146 288//146 280//146 279//146
f 288//141 284//141 282//141
f 282//141 280//141 288//141
f 288//141 286//141 284//141
f 290//147 292//147 291//147 289//147
f 292//148 296//148 295//148 291//148
f 296//149 294//149 293//149 295//149
f 294//150 290//150 289//150 293//150
f 294//151 296//151 292//151 290//151
f 297//152 298//152 300//152 299//152
f 299//153 300//153 302//153 301//153
f 301//150 302//150 304//150 303//150
f 303//154 304//154 306//154 305//154
f 305//155 306//155 298//155 297//155
f 306//151 302//151 300//151
f 300//151 298//151 306//151
f 306//151 304//151 302//151
f 308//156 310//156 309//156 307//156
f 310//157 314//157 313//157 309//157
f 314//158 312//158 311//158 313//158
f 312//159 308//159 307//159 311//159
f 312//160 314//160 310//160 308//160
f 315//161 316//161 318//161 317//161
f 317//162 318//162 320//162 319//162
f 319//159 320//159 322//159 321//159
f 321//163 322//163 324//163 323//163
f 323//164 324//164 316//164 315//164
f 324//160 320//160 318//160
f 318//160 316//160 324//160
f 324//160 322//160 320//160
f 326//165 328//165 327//165 325//165
f 328//166 332//166 331//166 327//166
f 332//167 330//167 329//167 331//167
f 330//168 326//168 325//168 329//168
f 330//169 332//169 328//169 326//169
f 333//170 334//170 336//170 335//170
f 335//171 336//171 338//171 337//171
f 337//168 338//168 340//168 339//168
f 339//172 340//172 342//172 341//172
f 341//173 342//173 334//173 333//173
f 342//169 338//169 336//169
f 336//169 334//169 342//169
f 342//169 340//169 338//169
f 344//174 346//174 345//174 343//174
f 346//175 350//175 349//175 345//175
f 350//176 348//176 347//176 349//176
f 348//177 344//177 343//177 347//177
f 348//178 350//178 346//178 344//178
f 351//179 352//179 354//179 353//179
f 353//180 354//180 356//180 355//180
f 355//177 356//177 358//177 357//177
f 357//181 358//181 360//181 359//181
f 359//182 360//182 352//182 351//182
f 360//178 356//178 354//178
f 354//178 352//178 360//178
f 360//178 358//178 356//178
